934673
800873
209849
803339
277684
949543
752684
855008
238173
975519
980172
941586
732038
687980
472311
58556
288647
781524
632378
72796
475523
178215
569486
102173
614185
246479
685322
975063
392475
982833
768788
459600
370577
767579
335454
90850
208133
124441
750839
4859
355338
65359
587376
400806
785601
689883
933123
674558
555689
92252
855951
791322
211600
771782
620307
487932
893464
236517
123329
854930
765935
432089
66987
671924
492421
154305
645702
282817
855636
267468
738089
965841
15848
454406
70875
806438
66775
758675
3601
86859
895256
235653
406692
338117
665090
323689
931279
947611
463699
533723
671082
114504
109342
431254
932135
477410
231291
472889
278967
760449
758896
319554
193766
683922
846135
412790
519595
928453
555438
371983
891387
62123
979774
79655
98475
587036
39771
156108
606727
188580
928812
820915
24770
907655
390743
201259
326098
556229